doi:10.1109/TNNLS.2022.3147790
arxiv:2206.10093
arxiv:2206.09171
arxiv:2206.09010
arxiv:2206.08262
arxiv:2206.07632
